{'eval_loss': 0.12238423526287079,
 'eval_precision': 0.9557692307692308,
 'eval_recall': 0.9557692307692308,
 'eval_f1': 0.9557692307692308,
 'eval_accuracy': 0.9749275685313127,
 'eval_runtime': 2.3332,
 'eval_samples_per_second': 428.603,
 'epoch': 5.0,
 'eval_mem_cpu_alloc_delta': 3049327,
 'eval_mem_gpu_alloc_delta': 0,
 'eval_mem_cpu_peaked_delta': 3447152,
 'eval_mem_gpu_peaked_delta': 47444992}

 Epoch	Training Loss	Validation Loss	Precision	Recall	F1	Accuracy	Runtime	Samples Per Second
1	0.535700	0.179530	0.888721	0.906154	0.897353	0.943169	2.403800	416.016000
2	0.184200	0.162983	0.948168	0.935769	0.941928	0.961333	2.496100	400.624000
3	0.104000	0.123594	0.955882	0.950000	0.952932	0.970693	2.628800	380.403000
4	0.035000	0.122065	0.957692	0.957692	0.957692	0.974705	2.695000	371.052000
5	0.017800	0.122384	0.955769	0.955769	0.955769	0.974928	2.573500	388.572000

{'LOC': {'precision': 0.9455587392550143,
  'recall': 0.9428571428571428,
  'f1': 0.944206008583691,
  'number': 1050},
 'ORG': {'precision': 0.95822454308094,
  'recall': 0.9683377308707124,
  'f1': 0.963254593175853,
  'number': 758},
 'PER': {'precision': 0.9669631512071156,
  'recall': 0.9608585858585859,
  'f1': 0.9639012032932235,
  'number': 792},
 'overall_precision': 0.9557692307692308,
 'overall_recall': 0.9557692307692308,
 'overall_f1': 0.9557692307692308,
 'overall_accuracy': 0.9749275685313127}