{'eval_loss': 0.22285757958889008,
 'eval_precision': 0.9311618535930154,
 'eval_recall': 0.9221815763219156,
 'eval_f1': 0.9266499582289056,
 'eval_accuracy': 0.9474047079680883,
 'eval_runtime': 2.6517,
 'eval_samples_per_second': 377.11,
 'epoch': 5.0,
 'eval_mem_cpu_alloc_delta': 3122104,
 'eval_mem_gpu_alloc_delta': 0,
 'eval_mem_cpu_peaked_delta': 3784422,
 'eval_mem_gpu_peaked_delta': 47361024}

 Epoch	Training Loss	Validation Loss	Precision	Recall	F1	Accuracy	Runtime	Samples Per Second
1	0.937500	0.463670	0.820281	0.815098	0.817681	0.873141	3.014200	331.762000
2	0.415500	0.272569	0.905419	0.894579	0.899967	0.931252	2.575300	388.303000
3	0.263400	0.237195	0.927020	0.908214	0.917521	0.942185	2.752000	363.376000
4	0.141100	0.223168	0.928142	0.923512	0.925821	0.947011	2.539900	393.715000
5	0.101100	0.222858	0.931162	0.922182	0.926650	0.947405	2.604800	383.905000

{'LOC': {'precision': 0.9234782608695652,
  'recall': 0.9045996592844975,
  'f1': 0.9139414802065404,
  'number': 1174},
 'ORG': {'precision': 0.9316702819956616,
  'recall': 0.9347116430903155,
  'f1': 0.9331884845192829,
  'number': 919},
 'PER': {'precision': 0.9403973509933775,
  'recall': 0.9321663019693655,
  'f1': 0.9362637362637363,
  'number': 914},
 'overall_precision': 0.9311618535930154,
 'overall_recall': 0.9221815763219156,
 'overall_f1': 0.9266499582289056,
 'overall_accuracy': 0.9474047079680883}