{'eval_loss': 0.125116765499115,
 'eval_precision': 0.9676923076923077,
 'eval_recall': 0.9744384198295895,
 'eval_f1': 0.9710536472404478,
 'eval_accuracy': 0.9768280949326491,
 'eval_runtime': 2.7516,
 'eval_samples_per_second': 363.419,
 'epoch': 5.0,
 'eval_mem_cpu_alloc_delta': 3660369,
 'eval_mem_gpu_alloc_delta': 0,
 'eval_mem_cpu_peaked_delta': 5002280,
 'eval_mem_gpu_peaked_delta': 56241664}

 Epoch	Training Loss	Validation Loss	Precision	Recall	F1	Accuracy	Runtime	Samples Per Second
1	0.511300	0.200293	0.931934	0.940356	0.936126	0.950369	2.941700	339.944000
2	0.200400	0.154737	0.963796	0.962303	0.963049	0.969612	2.978800	335.710000
3	0.132600	0.152685	0.960658	0.964627	0.962638	0.970013	2.944600	339.601000
4	0.062100	0.131318	0.964606	0.971082	0.967833	0.974583	3.049200	327.952000
5	0.036800	0.125117	0.967692	0.974438	0.971054	0.976828	2.769900	361.028000

{'LOC': {'precision': 0.9632786885245902,
  'recall': 0.9734923790589795,
  'f1': 0.968358602504944,
  'number': 1509},
 'ORG': {'precision': 0.9660550458715597,
  'recall': 0.9607664233576643,
  'f1': 0.9634034766697165,
  'number': 1096},
 'PER': {'precision': 0.9743190661478599,
  'recall': 0.9873817034700315,
  'f1': 0.9808068938503721,
  'number': 1268},
 'overall_precision': 0.9676923076923077,
 'overall_recall': 0.9744384198295895,
 'overall_f1': 0.9710536472404478,
 'overall_accuracy': 0.9768280949326491}

 