{'eval_loss': 0.15891492366790771,
 'eval_precision': 0.9618416903185115,
 'eval_recall': 0.9627525252525253,
 'eval_f1': 0.9622968922542987,
 'eval_accuracy': 0.9703389830508474,
 'eval_runtime': 2.4943,
 'eval_samples_per_second': 400.911,
 'epoch': 5.0,
 'eval_mem_cpu_alloc_delta': 3049792,
 'eval_mem_gpu_alloc_delta': 0,
 'eval_mem_cpu_peaked_delta': 4096030,
 'eval_mem_gpu_peaked_delta': 46943232}

 Epoch	Training Loss	Validation Loss	Precision	Recall	F1	Accuracy	Runtime	Samples Per Second
1	0.685200	0.211093	0.900061	0.926768	0.913219	0.937789	2.528900	395.433000
2	0.275400	0.166330	0.958120	0.946023	0.952033	0.964368	3.231100	309.488000
3	0.192400	0.180199	0.954646	0.956755	0.955699	0.964368	2.495300	400.749000
4	0.102500	0.151934	0.956563	0.959280	0.957920	0.968606	3.027600	330.289000
5	0.074400	0.158915	0.961842	0.962753	0.962297	0.970339	2.546900	392.638000

{'LOC': {'precision': 0.963884430176565,
  'recall': 0.9539316918189039,
  'f1': 0.958882235528942,
  'number': 1259},
 'ORG': {'precision': 0.9439707673568819,
  'recall': 0.9567901234567902,
  'f1': 0.9503372164316369,
  'number': 810},
 'PER': {'precision': 0.9728260869565217,
  'recall': 0.9772520473157416,
  'f1': 0.9750340444847935,
  'number': 1099},
 'overall_precision': 0.9618416903185115,
 'overall_recall': 0.9627525252525253,
 'overall_f1': 0.9622968922542987,
 'overall_accuracy': 0.9703389830508474}